447
155
2 498
5 623
5 930
10 234
17 239
18 146
24 70
25 32
25 169
31 508
32 169
32 482
38 80
41 853
49 845
55 385
57 240
57 634
58 882
64 907
72 269
72 707
77 331
78 291
82 314
83 463
85 953
94 708
96 401
98 318
99 533
103 247
104 910
118 619
120 465
120 802
130 162
136 876
147 453
147 825
154 670
155 712
156 981
166 752
168 360
169 482
173 558
174 887
186 815
186 937
188 779
192 680
198 970
201 396
203 842
204 353
218 896
232 311
238 345
241 319
244 561
260 428
261 427
268 756
269 707
271 296
272 861
273 308
273 999
274 414
275 968
281 843
289 880
294 807
297 737
299 553
308 999
333 620
337 482
355 976
356 590
357 701
358 576
362 585
377 787
383 517
385 663
407 918
418 528
424 995
425 525
429 449
431 437
435 864
441 481
446 875
447 469
453 825
461 899
466 788
468 949
476 954
492 688
506 906
515 920
521 545
529 907
530 772
539 928
540 703
543 549
543 854
544 700
544 808
546 936
551 967
557 593
557 730
566 929
567 642
580 759
584 888
596 690
596 776
596 959
608 899
615 942
621 807
628 839
639 974
640 945
647 774
659 957
675 838
688 910
690 776
690 959
705 954
709 986
710 841
737 784
738 836
740 927
750 936
769 817
776 959
777 848
782 783
803 858
813 991
840 920
847 996
886 952
913 955
929 991
